%YAML:1.0
---
type: IMU
name: d435i_imu
Gyr:
   unit: " rad/s"
   avg-axis:
      gyr_n: 2.7960947315733009e-03
      gyr_w: 2.8819161935091770e-05
   x-axis:
      gyr_n: 4.1157947608717856e-03
      gyr_w: 4.7376040303984585e-05
   y-axis:
      gyr_n: 3.0912673182336508e-03
      gyr_w: 2.5818064048578079e-05
   z-axis:
      gyr_n: 1.1812221156144661e-03
      gyr_w: 1.3263381452712651e-05
Acc:
   unit: " m/s^2"
   avg-axis:
      acc_n: 2.7882036318238653e-02
      acc_w: 1.6418899204882834e-03
   x-axis:
      acc_n: 1.6928337277292319e-02
      acc_w: 5.6334341091898981e-04
   y-axis:
      acc_n: 1.8894012273144547e-02
      acc_w: 1.0261365658062365e-03
   z-axis:
      acc_n: 4.7823759404279090e-02
      acc_w: 3.3361897847396234e-03
