%YAML:1.0
---
type: IMU
name: d435i_imu
Gyr:
   unit: " rad/s"
   avg-axis:
      gyr_n: 2.4544975995101663e-03
      gyr_w: 1.6241963675547272e-05
   x-axis:
      gyr_n: 1.5317724203290025e-03
      gyr_w: 8.0092214357217206e-06
   y-axis:
      gyr_n: 4.1329654928053241e-03
      gyr_w: 2.6416642974893017e-05
   z-axis:
      gyr_n: 1.6987548853961726e-03
      gyr_w: 1.4300026616027079e-05
Acc:
   unit: " m/s^2"
   avg-axis:
      acc_n: 2.9956276517606555e-02
      acc_w: 7.1009229776215277e-04
   x-axis:
      acc_n: 2.5061579271836262e-02
      acc_w: 4.7447653522311549e-04
   y-axis:
      acc_n: 2.9138661938375599e-02
      acc_w: 7.5778705629636557e-04
   z-axis:
      acc_n: 3.5668588342607804e-02
      acc_w: 8.9801330176697710e-04
