%YAML:1.0
---
type: IMU
name: my_imu
Gyr:
   unit: " rad/s"
   avg-axis:
      gyr_n: 1.8194380087449152e-03
      gyr_w: 1.0691133070041248e-05
   x-axis:
      gyr_n: 1.3364318172852613e-03
      gyr_w: 4.7997537429900040e-06
   y-axis:
      gyr_n: 2.8765458339938144e-03
      gyr_w: 1.5382468866148810e-05
   z-axis:
      gyr_n: 1.2453363749556706e-03
      gyr_w: 1.1891176600984923e-05
Acc:
   unit: " m/s^2"
   avg-axis:
      acc_n: 2.0384298863442760e-02
      acc_w: 5.3579015131595843e-04
   x-axis:
      acc_n: 1.7922662041973920e-02
      acc_w: 5.7092971390706223e-04
   y-axis:
      acc_n: 1.9548240449145268e-02
      acc_w: 5.8290590703786516e-04
   z-axis:
      acc_n: 2.3681994099209090e-02
      acc_w: 4.5353483300294794e-04
