%YAML:1.0
---
model_type: PINHOLE
camera_name: camera
image_width: 640
image_height: 480
distortion_parameters:
   k1: 0.008102965627466683
   k2: -0.0055070179614814625
   p1:  -0.001060696563532148
   p2: -0.0005589807711704417
projection_parameters:
   fx: 385.94651107381173
   fy: 386.80952391929685
   cx: 317.6384942676234
   cy: 238.35352398894932
